50000.0 0.33554
100000.0 0.67069
150000.0 1.00584
200000.0 1.34099
250000.0 1.67614
300000.0 2.01129
350000.0 2.34644
400000.0 2.68159
450000.0 3.01674
500000.0 3.35189
550000.0 3.68704
600000.0 4.02219
650000.0 4.35734
700000.0 4.69249
750000.0 5.02764
800000.0 5.36279
850000.0 5.69794
900000.0 6.03309
950000.0 6.36824
1000000.0 6.70339
50000.0 0.172177
100000.0 0.339752
150000.0 0.507327
200000.0 0.674902
250000.0 0.842477
300000.0 1.01005
350000.0 1.17763
400000.0 1.3452
450000.0 1.51278
500000.0 1.68035
550000.0 1.84793
600000.0 2.0155
650000.0 2.18308
700000.0 2.35065
750000.0 2.51823
800000.0 2.6858
850000.0 2.85338
900000.0 3.02095
950000.0 3.18853
1000000.0 3.3561
50000.0 0.118521
100000.0 0.230238
150000.0 0.341955
200000.0 0.453671
250000.0 0.565388
300000.0 0.677105
350000.0 0.788821
400000.0 0.900538
450000.0 1.01225
500000.0 1.12397
550000.0 1.23569
600000.0 1.3474
650000.0 1.45912
700000.0 1.57084
750000.0 1.68255
800000.0 1.79427
850000.0 1.90599
900000.0 2.0177
950000.0 2.12942
1000000.0 2.24114
50000.0 0.0847633
100000.0 0.168551
150000.0 0.252338
200000.0 0.336126
250000.0 0.419913
300000.0 0.503701
350000.0 0.587488
400000.0 0.671276
450000.0 0.755063
500000.0 0.838851
550000.0 0.922638
600000.0 1.00643
650000.0 1.09021
700000.0 1.174
750000.0 1.25779
800000.0 1.34158
850000.0 1.42536
900000.0 1.50915
950000.0 1.59294
1000000.0 1.67673
50000.0 0.0847633
100000.0 0.168551
150000.0 0.252338
200000.0 0.336126
250000.0 0.419913
300000.0 0.503701
350000.0 0.587488
400000.0 0.671276
450000.0 0.755063
500000.0 0.838851
550000.0 0.922638
600000.0 1.00643
650000.0 1.09021
700000.0 1.174
750000.0 1.25779
800000.0 1.34158
850000.0 1.42536
900000.0 1.50915
950000.0 1.59294
1000000.0 1.67673
50000.0 0.084773
100000.0 0.168561
150000.0 0.252348
200000.0 0.336136
250000.0 0.419923
300000.0 0.503711
350000.0 0.587498
400000.0 0.671286
450000.0 0.755073
500000.0 0.838861
550000.0 0.922648
600000.0 1.00644
650000.0 1.09022
700000.0 1.17401
750000.0 1.2578
800000.0 1.34159
850000.0 1.42537
900000.0 1.50916
950000.0 1.59295
1000000.0 1.67674
50000.0 0.084799
100000.0 0.168587
150000.0 0.252374
200000.0 0.336162
250000.0 0.419949
300000.0 0.503737
350000.0 0.587524
400000.0 0.671312
450000.0 0.755099
500000.0 0.838887
550000.0 0.922674
600000.0 1.00646
650000.0 1.09025
700000.0 1.17404
750000.0 1.25782
800000.0 1.34161
850000.0 1.4254
900000.0 1.50919
950000.0 1.59297
1000000.0 1.67676
50000.0 0.0436501
100000.0 0.0855439
150000.0 0.127438
200000.0 0.169331
250000.0 0.211225
300000.0 0.253119
350000.0 0.295013
400000.0 0.336906
450000.0 0.3788
500000.0 0.420694
550000.0 0.462588
600000.0 0.504481
650000.0 0.546375
700000.0 0.588269
750000.0 0.630163
800000.0 0.672056
850000.0 0.71395
900000.0 0.755844
950000.0 0.797738
1000000.0 0.839631
50000.0 0.0849173
100000.0 0.168705
150000.0 0.252492
200000.0 0.33628
250000.0 0.420067
300000.0 0.503855
350000.0 0.587642
400000.0 0.67143
450000.0 0.755217
500000.0 0.839005
550000.0 0.922792
600000.0 1.00658
650000.0 1.09037
700000.0 1.17415
750000.0 1.25794
800000.0 1.34173
850000.0 1.42552
900000.0 1.5093
950000.0 1.59309
1000000.0 1.67688
50000.0 0.0849669
100000.0 0.168754
150000.0 0.252542
200000.0 0.336329
250000.0 0.420117
300000.0 0.503904
350000.0 0.587692
400000.0 0.671479
450000.0 0.755267
500000.0 0.839054
550000.0 0.922842
600000.0 1.00663
650000.0 1.09042
700000.0 1.1742
750000.0 1.25799
800000.0 1.34178
850000.0 1.42557
900000.0 1.50935
950000.0 1.59314
1000000.0 1.67693
