50000.0 0.33554
100000.0 0.67069
150000.0 1.00584
200000.0 1.34099
250000.0 1.67614
300000.0 2.01129
350000.0 2.34644
400000.0 2.68159
450000.0 3.01674
500000.0 3.35189
550000.0 3.68704
600000.0 4.02219
650000.0 4.35734
700000.0 4.69249
750000.0 5.02764
800000.0 5.36279
850000.0 5.69794
900000.0 6.03309
950000.0 6.36824
1000000.0 6.70339
50000.0 0.172177
100000.0 0.339752
150000.0 0.507327
200000.0 0.674902
250000.0 0.842477
300000.0 1.01005
350000.0 1.17763
400000.0 1.3452
450000.0 1.51278
500000.0 1.68035
550000.0 1.84793
600000.0 2.0155
650000.0 2.18308
700000.0 2.35065
750000.0 2.51823
800000.0 2.6858
850000.0 2.85338
900000.0 3.02095
950000.0 3.18853
1000000.0 3.3561
50000.0 0.118521
100000.0 0.230238
150000.0 0.341955
200000.0 0.453671
250000.0 0.565388
300000.0 0.677105
350000.0 0.788821
400000.0 0.900538
450000.0 1.01225
500000.0 1.12397
550000.0 1.23569
600000.0 1.3474
650000.0 1.45912
700000.0 1.57084
750000.0 1.68255
800000.0 1.79427
850000.0 1.90599
900000.0 2.0177
950000.0 2.12942
1000000.0 2.24114
50000.0 0.0847633
100000.0 0.168551
150000.0 0.252338
200000.0 0.336126
250000.0 0.419913
300000.0 0.503701
350000.0 0.587488
400000.0 0.671276
450000.0 0.755063
500000.0 0.838851
550000.0 0.922638
600000.0 1.00643
650000.0 1.09021
700000.0 1.174
750000.0 1.25779
800000.0 1.34158
850000.0 1.42536
900000.0 1.50915
950000.0 1.59294
1000000.0 1.67673
